AFTER VOCAB REDUCTION, WITH COUNTS:

Test accuracy: 0.999110617009
             precision    recall  f1-score   support

          0       1.00      1.00      1.00       443
          1       1.00      1.00      1.00        84
          2       0.98      1.00      0.99       231
          3       1.00      1.00      1.00        26
          4       1.00      0.99      0.99       485
          5       1.00      1.00      1.00        39
          6       1.00      1.00      1.00        13
          7       1.00      1.00      1.00        50
          8       1.00      1.00      1.00       116
          9       1.00      0.99      1.00       312

avg / total       1.00      1.00      1.00      1799



AFTER VOCAB REDUCTION, NO COUNTS:

Test accuracy: 0.993329627571
             precision    recall  f1-score   support

          0       1.00      0.95      0.97       453
          1       0.95      0.98      0.97        85
          2       0.98      0.96      0.97       250
          3       0.58      1.00      0.74        25
          4       0.98      0.97      0.98       465
          5       0.95      0.98      0.97        43
          6       0.71      1.00      0.83        12
          7       0.94      1.00      0.97        49
          8       0.92      0.96      0.94        95
          9       0.99      0.98      0.98       322

avg / total       0.97      0.97      0.97      1799



BEFORE VOCAB REDUCTION:

Test accuracy: 0.986992773763
             precision    recall  f1-score   support

          0       0.99      0.92      0.95       483
          1       0.92      0.95      0.93        83
          2       0.92      0.94      0.93       232
          3       0.93      0.93      0.93        29
          4       0.97      0.92      0.95       461
          5       0.97      0.94      0.96        35
          6       0.28      1.00      0.44        14
          7       0.92      1.00      0.96        44
          8       0.81      0.95      0.87        94
          9       0.98      0.95      0.97       324

avg / total       0.95      0.93      0.94      1799
